   1    2    0   -1    0    0.214444
   1    2    0   -1    1    0.214444
   1    2    1    0    0    0.214444
   1    2    1    0    1    0.214444
   1    2    1   -1    0    0.214444
   1    2    1   -1    1    0.214444
   1    1   -1    0    0    0.198162
   1    1    1    0    0    0.198162
   1    1   -1   -1    0    0.198162
   1    1    0   -1    0    0.198162
   1    1    0    1    0    0.198162
   1    1    1    1    0    0.198162
   1    2    0    0    0   -0.082159
   1    2    0    0    1   -0.082159
   1    2    0   -2    0   -0.082159
   1    2    0   -2    1   -0.082159
   1    2    2    0    0   -0.082159
   1    2    2    0    1   -0.082159
   1    1    0    0   -1   -0.097943
   1    1    0    0    1   -0.097943
   1    2   -1   -1    0    0.024275
   1    2   -1   -1    1    0.024274
   1    2    1    1    0    0.024275
   1    2    1    1    1    0.024274
   1    2   -1   -2    0    0.024275
   1    2   -1   -2    1    0.024274
   1    2    2    1    0    0.024275
   1    2    2    1    1    0.024274
   1    2    2   -1    0    0.024275
   1    2    2   -1    1    0.024274
   1    2    1   -2    0    0.024275
   1    2    1   -2    1    0.024274
   1    1   -2   -1    0    0.039495
   1    1   -1    1    0    0.039496
   1    1    1   -1    0    0.039495
   1    1    2    1    0    0.039496
   1    1   -1   -2    0    0.039496
   1    1    1    2    0    0.039495
   1    1   -1   -1   -1    0.027671
   1    1   -1   -1    1    0.027671
   1    1   -1    0   -1    0.027671
   1    1   -1    0    1    0.027671
   1    1    0   -1   -1    0.027671
   1    1    0   -1    1    0.027671
   1    1    0    1   -1    0.027671
   1    1    0    1    1    0.027671
   1    1    1    0   -1    0.027671
   1    1    1    0    1    0.027671
   1    1    1    1   -1    0.027671
   1    1    1    1    1    0.027671
   1    1   -2    0    0    0.002467
   1    1    2    0    0    0.002467
   1    1   -2   -2    0    0.002467
   1    1    0   -2    0    0.002467
   1    1    0    2    0    0.002467
   1    1    2    2    0    0.002467
   1    2   -1    0    0    0.027693
   1    2   -1    0    1    0.027693
   1    2    0    1    0    0.027693
   1    2    0    1    1    0.027693
   1    2    3    0    0    0.027693
   1    2    3    0    1    0.027693
   1    2    3    1    0    0.027693
   1    2    3    1    1    0.027693
   1    2   -1   -3    0    0.027693
   1    2   -1   -3    1    0.027693
   1    2    0   -3    0    0.027693
   1    2    0   -3    1    0.027693
   1    1   -2   -1   -1    0.000142
   1    1   -2   -1    1    0.000142
   1    1   -1    1   -1    0.000143
   1    1   -1    1    1    0.000143
   1    1    1   -1   -1    0.000142
   1    1    1   -1    1    0.000142
   1    1    2    1   -1    0.000143
   1    1    2    1    1    0.000143
   1    1   -1   -2   -1    0.000143
   1    1   -1   -2    1    0.000143
   1    1    1    2   -1    0.000142
   1    1    1    2    1    0.000142
   1    2   -2   -2    0   -0.023320
   1    2   -2   -2    1   -0.023320
   1    2    2    2    0   -0.023320
   1    2    2    2    1   -0.023320
   1    2    2   -2    0   -0.023320
   1    2    2   -2    1   -0.023320
   1    2    0   -1    2    0.025981
   1    2    1    0    2    0.025981
   1    2    0   -1   -1    0.025981
   1    2    1   -1    2    0.025981
   1    2    1    0   -1    0.025981
   1    2    1   -1   -1    0.025981
   1    1   -2    0   -1   -0.001471
   1    1   -2    0    1   -0.001471
   1    1    2    0   -1   -0.001471
   1    1    2    0    1   -0.001471
   1    1   -2   -2   -1   -0.001471
   1    1   -2   -2    1   -0.001471
   1    1    0   -2   -1   -0.001471
   1    1    0   -2    1   -0.001471
   1    1    0    2   -1   -0.001471
   1    1    0    2    1   -0.001471
   1    1    2    2   -1   -0.001471
   1    1    2    2    1   -0.001471
   1    2   -2   -1    0    0.004203
   1    2   -2   -1    1    0.004203
   1    2    1    2    0    0.004203
   1    2    1    2    1    0.004203
   1    2   -2   -3    0    0.004203
   1    2   -2   -3    1    0.004203
   1    2    3   -1    0    0.004203
   1    2    3   -1    1    0.004203
   1    2    3    2    0    0.004203
   1    2    3    2    1    0.004203
   1    2    1   -3    0    0.004203
   1    2    1   -3    1    0.004203
   1    1   -3   -1    0   -0.003338
   1    1   -2    1    0   -0.003340
   1    1    2   -1    0   -0.003338
   1    1    3    1    0   -0.003340
   1    1   -3   -2    0   -0.003338
   1    1   -1    2    0   -0.003340
   1    1    1   -2    0   -0.003338
   1    1    3    2    0   -0.003340
   1    1   -2   -3    0   -0.003340
   1    1   -1   -3    0   -0.003340
   1    1    1    3    0   -0.003338
   1    1    2    3    0   -0.003338
   1    2    0    0    2   -0.010487
   1    2    0    0   -1   -0.010487
   1    2    0   -2    2   -0.010487
   1    2    2    0    2   -0.010487
   1    2    0   -2   -1   -0.010487
   1    2    2    0   -1   -0.010487
   1    2   -1   -1    2    0.004524
   1    2   -1   -2    2    0.004524
   1    2   -1   -1   -1    0.004524
   1    2    1    1    2    0.004524
   1    2   -1   -2   -1    0.004524
   1    2    1    1   -1    0.004524
   1    2    2    1    2    0.004524
   1    2    1   -2    2    0.004524
   1    2    2   -1    2    0.004524
   1    2    2    1   -1    0.004524
   1    2    1   -2   -1    0.004524
   1    2    2   -1   -1    0.004524
   1    2   -1    1    0    0.005629
   1    2   -1    1    1    0.005629
   1    2    4    1    0    0.005629
   1    2    4    1    1    0.005629
   1    2   -1   -4    0    0.005629
   1    2   -1   -4    1    0.005629
   1    1   -3    0    0   -0.000033
   1    1    3    0    0   -0.000033
   1    1   -3   -3    0   -0.000033
   1    1    0   -3    0   -0.000033
   1    1    0    3    0   -0.000033
   1    1    3    3    0   -0.000033
   1    1   -3   -1   -1    0.010998
   1    1   -3   -1    1    0.010998
   1    1   -2    1   -1    0.010999
   1    1   -2    1    1    0.010999
   1    1    2   -1   -1    0.010998
   1    1    2   -1    1    0.010998
   1    1    3    1   -1    0.010999
   1    1    3    1    1    0.010999
   1    1   -3   -2   -1    0.010998
   1    1   -3   -2    1    0.010998
   1    1   -2   -3   -1    0.010999
   1    1   -2   -3    1    0.010999
   1    1   -1   -3   -1    0.010999
   1    1   -1   -3    1    0.010999
   1    1   -1    2   -1    0.010999
   1    1   -1    2    1    0.010999
   1    1    1   -2   -1    0.010998
   1    1    1   -2    1    0.010998
   1    1    3    2   -1    0.010999
   1    1    3    2    1    0.010999
   1    1    1    3   -1    0.010998
   1    1    1    3    1    0.010998
   1    1    2    3   -1    0.010998
   1    1    2    3    1    0.010998
   1    2   -2    0    0   -0.001135
   1    2   -2    0    1   -0.001135
   1    2    0    2    0   -0.001135
   1    2    0    2    1   -0.001135
   1    2    4    0    0   -0.001135
   1    2    4    0    1   -0.001135
   1    2    4    2    0   -0.001135
   1    2    4    2    1   -0.001135
   1    2   -2   -4    0   -0.001135
   1    2   -2   -4    1   -0.001135
   1    2    0   -4    0   -0.001135
   1    2    0   -4    1   -0.001135
   1    2   -1    0    2    0.005845
   1    2   -1    0   -1    0.005845
   1    2    0    1    2    0.005845
   1    2    0    1   -1    0.005845
   1    2    3    0    2    0.005845
   1    2    3    1    2    0.005845
   1    2   -1   -3    2    0.005845
   1    2    3    0   -1    0.005845
   1    2    3    1   -1    0.005845
   1    2   -1   -3   -1    0.005845
   1    2    0   -3    2    0.005845
   1    2    0   -3   -1    0.005845
   1    1    0    0   -2   -0.034010
   1    1    0    0    2   -0.034010
   1    2   -3   -2    0    0.006264
   1    2   -3   -2    1    0.006264
   1    2   -3   -3    0    0.006264
   1    2   -3   -3    1    0.006264
   1    2    2    3    0    0.006264
   1    2    2    3    1    0.006264
   1    2    3   -2    0    0.006264
   1    2    3   -2    1    0.006264
   1    2    3    3    0    0.006264
   1    2    3    3    1    0.006264
   1    2    2   -3    0    0.006264
   1    2    2   -3    1    0.006264
   1    2   -2   -2   -1    0.002331
   1    2   -2   -2    2    0.002331
   1    2    2    2    2    0.002331
   1    2    2   -2    2    0.002331
   1    2    2    2   -1    0.002331
   1    2    2   -2   -1    0.002331
   1    1   -1    0   -2   -0.004197
   1    1   -1    0    2   -0.004197
   1    1    1    0   -2   -0.004197
   1    1    1    0    2   -0.004197
   1    1   -1   -1   -2   -0.004197
   1    1   -1   -1    2   -0.004197
   1    1    0   -1   -2   -0.004197
   1    1    0   -1    2   -0.004197
   1    1    0    1   -2   -0.004197
   1    1    0    1    2   -0.004197
   1    1    1    1   -2   -0.004197
   1    1    1    1    2   -0.004197
   1    1   -3    0   -1    0.001479
   1    1   -3    0    1    0.001479
   1    1    3    0   -1    0.001479
   1    1    3    0    1    0.001479
   1    1   -3   -3   -1    0.001479
   1    1   -3   -3    1    0.001479
   1    1    0   -3   -1    0.001479
   1    1    0   -3    1    0.001479
   1    1    0    3   -1    0.001479
   1    1    0    3    1    0.001479
   1    1    3    3   -1    0.001479
   1    1    3    3    1    0.001479
   1    1   -4   -2    0    0.001574
   1    1   -2    2    0    0.001575
   1    1    2   -2    0    0.001574
   1    1    4    2    0    0.001575
   1    1   -2   -4    0    0.001575
   1    1    2    4    0    0.001574
   1    2   -2   -1    2   -0.002195
   1    2   -2   -1   -1   -0.002195
   1    2   -2   -3    2   -0.002195
   1    2    1    2   -1   -0.002195
   1    2    1    2    2   -0.002195
   1    2   -2   -3   -1   -0.002195
   1    2    3   -1    2   -0.002195
   1    2    3    2    2   -0.002195
   1    2    3   -1   -1   -0.002195
   1    2    3    2   -1   -0.002195
   1    2    1   -3    2   -0.002195
   1    2    1   -3   -1   -0.002195
   2    1    0    1   -1    0.214444
   2    1    0    1    0    0.214444
   2    1   -1    0   -1    0.214444
   2    1   -1    0    0    0.214444
   2    1   -1    1   -1    0.214444
   2    1   -1    1    0    0.214444
   2    2    1    0    0    0.198162
   2    2   -1    0    0    0.198162
   2    2   -1   -1    0    0.198162
   2    2    0   -1    0    0.198162
   2    2    0    1    0    0.198162
   2    2    1    1    0    0.198162
   2    1    0    0   -1   -0.082159
   2    1    0    0    0   -0.082159
   2    1   -2    0   -1   -0.082159
   2    1   -2    0    0   -0.082159
   2    1    0    2   -1   -0.082159
   2    1    0    2    0   -0.082159
   2    2    0    0   -1   -0.097943
   2    2    0    0    1   -0.097943
   2    1    1    1   -1    0.024274
   2    1    1    1    0    0.024275
   2    1   -1   -1   -1    0.024274
   2    1   -1   -1    0    0.024275
   2    1    1    2   -1    0.024274
   2    1    1    2    0    0.024275
   2    1   -2   -1   -1    0.024274
   2    1   -2   -1    0    0.024275
   2    1   -2    1   -1    0.024274
   2    1   -2    1    0    0.024275
   2    1   -1    2   -1    0.024274
   2    1   -1    2    0    0.024275
   2    2   -2   -1    0    0.039495
   2    2   -1    1    0    0.039496
   2    2    1   -1    0    0.039495
   2    2    2    1    0    0.039496
   2    2   -1   -2    0    0.039496
   2    2    1    2    0    0.039495
   2    2   -1   -1   -1    0.027671
   2    2   -1   -1    1    0.027671
   2    2   -1    0   -1    0.027671
   2    2   -1    0    1    0.027671
   2    2    0   -1   -1    0.027671
   2    2    0   -1    1    0.027671
   2    2    0    1   -1    0.027671
   2    2    0    1    1    0.027671
   2    2    1    0   -1    0.027671
   2    2    1    0    1    0.027671
   2    2    1    1   -1    0.027671
   2    2    1    1    1    0.027671
   2    2   -2    0    0    0.002467
   2    2    2    0    0    0.002467
   2    2   -2   -2    0    0.002467
   2    2    0   -2    0    0.002467
   2    2    0    2    0    0.002467
   2    2    2    2    0    0.002467
   2    1    1    0   -1    0.027693
   2    1    1    0    0    0.027693
   2    1    0   -1   -1    0.027693
   2    1    0   -1    0    0.027693
   2    1   -3   -1   -1    0.027693
   2    1   -3   -1    0    0.027693
   2    1   -3    0   -1    0.027693
   2    1   -3    0    0    0.027693
   2    1    1    3   -1    0.027693
   2    1    1    3    0    0.027693
   2    1    0    3   -1    0.027693
   2    1    0    3    0    0.027693
   2    2   -2   -1   -1    0.000142
   2    2   -2   -1    1    0.000142
   2    2   -1    1   -1    0.000143
   2    2   -1    1    1    0.000143
   2    2    1   -1   -1    0.000142
   2    2    1   -1    1    0.000142
   2    2    2    1   -1    0.000143
   2    2    2    1    1    0.000143
   2    2   -1   -2   -1    0.000143
   2    2   -1   -2    1    0.000143
   2    2    1    2   -1    0.000142
   2    2    1    2    1    0.000142
   2    1    2    2   -1   -0.023320
   2    1    2    2    0   -0.023320
   2    1   -2   -2   -1   -0.023320
   2    1   -2   -2    0   -0.023320
   2    1   -2    2   -1   -0.023320
   2    1   -2    2    0   -0.023320
   2    1   -1    0   -2    0.025981
   2    1    0    1   -2    0.025981
   2    1   -1    0    1    0.025981
   2    1   -1    1   -2    0.025981
   2    1    0    1    1    0.025981
   2    1   -1    1    1    0.025981
   2    2   -2    0   -1   -0.001471
   2    2   -2    0    1   -0.001471
   2    2    2    0   -1   -0.001471
   2    2    2    0    1   -0.001471
   2    2   -2   -2   -1   -0.001471
   2    2   -2   -2    1   -0.001471
   2    2    0   -2   -1   -0.001471
   2    2    0   -2    1   -0.001471
   2    2    0    2   -1   -0.001471
   2    2    0    2    1   -0.001471
   2    2    2    2   -1   -0.001471
   2    2    2    2    1   -0.001471
   2    1    2    1   -1    0.004203
   2    1    2    1    0    0.004203
   2    1   -1   -2   -1    0.004203
   2    1   -1   -2    0    0.004203
   2    1    2    3   -1    0.004203
   2    1    2    3    0    0.004203
   2    1   -3   -2   -1    0.004203
   2    1   -3   -2    0    0.004203
   2    1   -3    1   -1    0.004203
   2    1   -3    1    0    0.004203
   2    1   -1    3   -1    0.004203
   2    1   -1    3    0    0.004203
   2    2   -3   -1    0   -0.003338
   2    2   -2    1    0   -0.003340
   2    2    2   -1    0   -0.003338
   2    2    3    1    0   -0.003340
   2    2   -3   -2    0   -0.003338
   2    2   -1    2    0   -0.003340
   2    2    1   -2    0   -0.003338
   2    2    3    2    0   -0.003340
   2    2    1    3    0   -0.003338
   2    2    2    3    0   -0.003338
   2    2   -2   -3    0   -0.003340
   2    2   -1   -3    0   -0.003340
   2    1    0    0   -2   -0.010487
   2    1    0    0    1   -0.010487
   2    1   -2    0   -2   -0.010487
   2    1    0    2   -2   -0.010487
   2    1   -2    0    1   -0.010487
   2    1    0    2    1   -0.010487
   2    1    1    1   -2    0.004524
   2    1   -1   -1   -2    0.004524
   2    1    1    1    1    0.004524
   2    1    1    2   -2    0.004524
   2    1   -2   -1   -2    0.004524
   2    1   -1   -1    1    0.004524
   2    1    1    2    1    0.004524
   2    1   -2   -1    1    0.004524
   2    1   -2    1   -2    0.004524
   2    1   -1    2   -2    0.004524
   2    1   -2    1    1    0.004524
   2    1   -1    2    1    0.004524
   2    1    1   -1   -1    0.005629
   2    1    1   -1    0    0.005629
   2    1   -4   -1   -1    0.005629
   2    1   -4   -1    0    0.005629
   2    1    1    4   -1    0.005629
   2    1    1    4    0    0.005629
   2    2   -3    0    0   -0.000033
   2    2    3    0    0   -0.000033
   2    2    0    3    0   -0.000033
   2    2    3    3    0   -0.000033
   2    2   -3   -3    0   -0.000033
   2    2    0   -3    0   -0.000033
   2    2   -3   -1   -1    0.010998
   2    2   -3   -1    1    0.010998
   2    2   -2    1   -1    0.010999
   2    2   -2    1    1    0.010999
   2    2    2   -1   -1    0.010998
   2    2    2   -1    1    0.010998
   2    2    3    1   -1    0.010999
   2    2    3    1    1    0.010999
   2    2   -3   -2   -1    0.010998
   2    2   -3   -2    1    0.010998
   2    2   -1    2   -1    0.010999
   2    2   -1    2    1    0.010999
   2    2    1   -2   -1    0.010998
   2    2    1   -2    1    0.010998
   2    2    1    3   -1    0.010998
   2    2    1    3    1    0.010998
   2    2    2    3   -1    0.010998
   2    2    2    3    1    0.010998
   2    2    3    2   -1    0.010999
   2    2    3    2    1    0.010999
   2    2   -2   -3   -1    0.010999
   2    2   -2   -3    1    0.010999
   2    2   -1   -3   -1    0.010999
   2    2   -1   -3    1    0.010999
   2    1    2    0   -1   -0.001135
   2    1    2    0    0   -0.001135
   2    1    0   -2   -1   -0.001135
   2    1    0   -2    0   -0.001135
   2    1   -4   -2   -1   -0.001135
   2    1   -4   -2    0   -0.001135
   2    1   -4    0   -1   -0.001135
   2    1   -4    0    0   -0.001135
   2    1    2    4   -1   -0.001135
   2    1    2    4    0   -0.001135
   2    1    0    4   -1   -0.001135
   2    1    0    4    0   -0.001135
   2    1    1    0   -2    0.005845
   2    1    0   -1   -2    0.005845
   2    1    1    0    1    0.005845
   2    1    0   -1    1    0.005845
   2    1   -3   -1   -2    0.005845
   2    1   -3    0   -2    0.005845
   2    1   -3   -1    1    0.005845
   2    1   -3    0    1    0.005845
   2    1    1    3   -2    0.005845
   2    1    0    3   -2    0.005845
   2    1    1    3    1    0.005845
   2    1    0    3    1    0.005845
   2    2    0    0   -2   -0.034010
   2    2    0    0    2   -0.034010
   2    1    3    2   -1    0.006264
   2    1    3    2    0    0.006264
   2    1    3    3   -1    0.006264
   2    1    3    3    0    0.006264
   2    1   -2   -3   -1    0.006264
   2    1   -2   -3    0    0.006264
   2    1   -3   -3   -1    0.006264
   2    1   -3   -3    0    0.006264
   2    1   -3    2   -1    0.006264
   2    1   -3    2    0    0.006264
   2    1   -2    3   -1    0.006264
   2    1   -2    3    0    0.006264
   2    1    2    2   -2    0.002331
   2    1    2    2    1    0.002331
   2    1   -2   -2   -2    0.002331
   2    1   -2   -2    1    0.002331
   2    1   -2    2   -2    0.002331
   2    1   -2    2    1    0.002331
   2    2   -1    0   -2   -0.004197
   2    2   -1    0    2   -0.004197
   2    2    1    0   -2   -0.004197
   2    2    1    0    2   -0.004197
   2    2   -1   -1   -2   -0.004197
   2    2   -1   -1    2   -0.004197
   2    2    0   -1   -2   -0.004197
   2    2    0   -1    2   -0.004197
   2    2    0    1   -2   -0.004197
   2    2    0    1    2   -0.004197
   2    2    1    1   -2   -0.004197
   2    2    1    1    2   -0.004197
   2    2   -3    0   -1    0.001479
   2    2   -3    0    1    0.001479
   2    2    3    0   -1    0.001479
   2    2    3    0    1    0.001479
   2    2    0    3   -1    0.001479
   2    2    0    3    1    0.001479
   2    2    3    3   -1    0.001479
   2    2    3    3    1    0.001479
   2    2   -3   -3   -1    0.001479
   2    2   -3   -3    1    0.001479
   2    2    0   -3   -1    0.001479
   2    2    0   -3    1    0.001479
   2    2   -4   -2    0    0.001574
   2    2   -2    2    0    0.001575
   2    2    2   -2    0    0.001574
   2    2    4    2    0    0.001575
   2    2    2    4    0    0.001574
   2    2   -2   -4    0    0.001575
   2    1    2    1   -2   -0.002195
   2    1    2    1    1   -0.002195
   2    1   -1   -2   -2   -0.002195
   2    1   -1   -2    1   -0.002195
   2    1    2    3   -2   -0.002195
   2    1   -3   -2   -2   -0.002195
   2    1   -3    1   -2   -0.002195
   2    1    2    3    1   -0.002195
   2    1   -3   -2    1   -0.002195
   2    1   -3    1    1   -0.002195
   2    1   -1    3   -2   -0.002195
   2    1   -1    3    1   -0.002195
