#Temperature   <M>   <M^2>   <M^4>   U_{Binder}   \chi   C_v(tot)   <E>
001 7.58440570E+00 5.75232099E+01 3.30891967E+03 6.66666667E-01 1.13176191E-04 9.82009783E-01 -3.31533980E+00 -3.31533980E+00 0.00000000E+00
005 7.55174327E+00 5.70288264E+01 3.25228706E+03 6.66666665E-01 5.56514277E-04 9.89480402E-01 -3.28993161E+00 -3.28993161E+00 0.00000000E+00
010 7.51062773E+00 5.64095292E+01 3.18203504E+03 6.66666661E-01 1.05106053E-03 9.81601290E-01 -3.25803375E+00 -3.25803375E+00 0.00000000E+00
015 7.46899637E+00 5.57859074E+01 3.11206759E+03 6.66666653E-01 1.56537400E-03 1.00595271E+00 -3.22597525E+00 -3.22597525E+00 0.00000000E+00
020 7.42703986E+00 5.51609222E+01 3.04272761E+03 6.66666638E-01 2.53650995E-03 9.96573528E-01 -3.19375171E+00 -3.19375171E+00 0.00000000E+00
025 7.38476378E+00 5.45347374E+01 2.97403788E+03 6.66666634E-01 2.26945565E-03 1.02081782E+00 -3.16135721E+00 -3.16135721E+00 0.00000000E+00
030 7.34187136E+00 5.39030772E+01 2.90554218E+03 6.66666615E-01 2.92493377E-03 1.01857403E+00 -3.12877714E+00 -3.12877714E+00 0.00000000E+00
035 7.29851134E+00 5.32682709E+01 2.83750935E+03 6.66666588E-01 3.76682153E-03 1.00298198E+00 -3.09602876E+00 -3.09602876E+00 0.00000000E+00
040 7.25450781E+00 5.26278878E+01 2.76969547E+03 6.66666559E-01 4.48784730E-03 1.04001614E+00 -3.06307714E+00 -3.06307714E+00 0.00000000E+00
045 7.21023973E+00 5.19875626E+01 2.70270783E+03 6.66666523E-01 5.25824977E-03 1.03575512E+00 -3.02993498E+00 -3.02993498E+00 0.00000000E+00
050 7.16551330E+00 5.13445874E+01 2.63626799E+03 6.66666497E-01 5.48643358E-03 1.06434125E+00 -2.99659600E+00 -2.99659600E+00 0.00000000E+00
055 7.11973527E+00 5.06906390E+01 2.56954264E+03 6.66666439E-01 6.62550478E-03 1.06808342E+00 -2.96304925E+00 -2.96304925E+00 0.00000000E+00
060 7.07377825E+00 5.00383494E+01 2.50383856E+03 6.66666381E-01 7.53336091E-03 1.10635864E+00 -2.92926576E+00 -2.92926576E+00 0.00000000E+00
065 7.02753178E+00 4.93862140E+01 2.43900032E+03 6.66666368E-01 7.16208157E-03 1.09997127E+00 -2.89527923E+00 -2.89527923E+00 0.00000000E+00
070 6.98058593E+00 4.87285935E+01 2.37447847E+03 6.66666295E-01 8.17199104E-03 1.10881923E+00 -2.86101846E+00 -2.86101846E+00 0.00000000E+00
075 6.93297257E+00 4.80661219E+01 2.31035464E+03 6.66666297E-01 7.49055418E-03 1.09639508E+00 -2.82656689E+00 -2.82656689E+00 0.00000000E+00
080 6.88363389E+00 4.73844354E+01 2.24528849E+03 6.66666107E-01 1.04672054E-02 1.12324172E+00 -2.79179351E+00 -2.79179351E+00 0.00000000E+00
085 6.83468712E+00 4.67129698E+01 2.18210561E+03 6.66666046E-01 1.07697276E-02 1.12287248E+00 -2.75682469E+00 -2.75682469E+00 0.00000000E+00
090 6.78519362E+00 4.60388762E+01 2.11958249E+03 6.66665979E-01 1.11120808E-02 1.13957399E+00 -2.72151888E+00 -2.72151888E+00 0.00000000E+00
095 6.73501527E+00 4.53604564E+01 2.05757567E+03 6.66665911E-01 1.14005634E-02 1.11941772E+00 -2.68597263E+00 -2.68597263E+00 0.00000000E+00
100 6.68349784E+00 4.46691715E+01 1.99533989E+03 6.66665830E-01 1.18104971E-02 1.11900602E+00 -2.65008017E+00 -2.65008017E+00 0.00000000E+00
105 6.63121776E+00 4.39730818E+01 1.93363771E+03 6.66665670E-01 1.31869695E-02 1.12941728E+00 -2.61387623E+00 -2.61387623E+00 0.00000000E+00
110 6.57757520E+00 4.32645378E+01 1.87182754E+03 6.66665365E-01 1.61808844E-02 1.17754027E+00 -2.57732252E+00 -2.57732252E+00 0.00000000E+00
115 6.52437533E+00 4.25675147E+01 1.81200033E+03 6.66665375E-01 1.51011165E-02 1.17884745E+00 -2.54043403E+00 -2.54043403E+00 0.00000000E+00
120 6.46928196E+00 4.18516520E+01 1.75156794E+03 6.66665303E-01 1.50274938E-02 1.17198965E+00 -2.50314853E+00 -2.50314853E+00 0.00000000E+00
125 6.41268917E+00 4.11226298E+01 1.69107849E+03 6.66665129E-01 1.59830036E-02 1.16083492E+00 -2.46551492E+00 -2.46551492E+00 0.00000000E+00
130 6.35557016E+00 4.03933247E+01 1.63162919E+03 6.66664928E-01 1.70642272E-02 1.15813207E+00 -2.42741913E+00 -2.42741913E+00 0.00000000E+00
135 6.29720223E+00 3.96548215E+01 1.57251524E+03 6.66664467E-01 2.04193302E-02 1.24729006E+00 -2.38891953E+00 -2.38891953E+00 0.00000000E+00
140 6.23698115E+00 3.89000150E+01 1.51322379E+03 6.66663887E-01 2.44093396E-02 1.21505785E+00 -2.34984012E+00 -2.34984012E+00 0.00000000E+00
145 6.17707820E+00 3.81563647E+01 1.45591879E+03 6.66664234E-01 2.02171708E-02 1.26371758E+00 -2.31034448E+00 -2.31034448E+00 0.00000000E+00
150 6.11506865E+00 3.73941521E+01 1.39833568E+03 6.66663550E-01 2.45528080E-02 1.24354509E+00 -2.27032834E+00 -2.27032834E+00 0.00000000E+00
155 6.05099767E+00 3.66146618E+01 1.34064648E+03 6.66663428E-01 2.41661716E-02 1.28542709E+00 -2.22979447E+00 -2.22979447E+00 0.00000000E+00
160 5.98697405E+00 3.58439466E+01 1.28480117E+03 6.66663382E-01 2.32426563E-02 1.29736352E+00 -2.18863907E+00 -2.18863907E+00 0.00000000E+00
165 5.91980076E+00 3.50441422E+01 1.22810607E+03 6.66662821E-01 2.58083746E-02 1.31923099E+00 -2.14682314E+00 -2.14682314E+00 0.00000000E+00
170 5.85158723E+00 3.42411804E+01 1.17247312E+03 6.66662490E-01 2.65749474E-02 1.33559879E+00 -2.10445810E+00 -2.10445810E+00 0.00000000E+00
175 5.78065049E+00 3.34160425E+01 1.11664825E+03 6.66661785E-01 2.94535327E-02 1.37121761E+00 -2.06123335E+00 -2.06123335E+00 0.00000000E+00
180 5.70835051E+00 3.25853956E+01 1.06182495E+03 6.66661348E-01 3.04219646E-02 1.40768421E+00 -2.01741003E+00 -2.01741003E+00 0.00000000E+00
185 5.63340047E+00 3.17353489E+01 1.00715115E+03 6.66660453E-01 3.36881476E-02 1.41785965E+00 -1.97271171E+00 -1.97271171E+00 0.00000000E+00
190 5.55636277E+00 3.08733157E+01 9.53179958E+02 6.66660255E-01 3.29142455E-02 1.46134154E+00 -1.92723140E+00 -1.92723140E+00 0.00000000E+00
195 5.47611906E+00 2.99880536E+01 8.99304173E+02 6.66658952E-01 3.74985536E-02 1.46819656E+00 -1.88094823E+00 -1.88094823E+00 0.00000000E+00
200 5.39433733E+00 2.90990680E+01 8.46778163E+02 6.66657846E-01 4.05611312E-02 1.49651133E+00 -1.83375923E+00 -1.83375923E+00 0.00000000E+00
205 5.30986629E+00 2.81948717E+01 7.94972389E+02 6.66657609E-01 3.93628007E-02 1.55863668E+00 -1.78560301E+00 -1.78560301E+00 0.00000000E+00
210 5.21994486E+00 2.72480555E+01 7.42481695E+02 6.66655368E-01 4.63366713E-02 1.58703409E+00 -1.73646457E+00 -1.73646457E+00 0.00000000E+00
215 5.12774804E+00 2.62940452E+01 6.91402582E+02 6.66654242E-01 4.80075857E-02 1.57716482E+00 -1.68645101E+00 -1.68645101E+00 0.00000000E+00
220 5.03219520E+00 2.53232646E+01 6.41295670E+02 6.66652143E-01 5.28345502E-02 1.66718042E+00 -1.63520882E+00 -1.63520882E+00 0.00000000E+00
225 4.93329038E+00 2.43376596E+01 5.92351396E+02 6.66649940E-01 5.71865235E-02 1.71555040E+00 -1.58301051E+00 -1.58301051E+00 0.00000000E+00
230 4.82806442E+00 2.33105619E+01 5.43415436E+02 6.66646338E-01 6.51423400E-02 1.70630317E+00 -1.52958761E+00 -1.52958761E+00 0.00000000E+00
235 4.72002972E+00 2.22790312E+01 4.96386463E+02 6.66645694E-01 6.28204816E-02 1.70872263E+00 -1.47489215E+00 -1.47489215E+00 0.00000000E+00
240 4.60402484E+00 2.11975044E+01 4.49373115E+02 6.66637793E-01 8.06527165E-02 1.78445874E+00 -1.41906790E+00 -1.41906790E+00 0.00000000E+00
245 4.48660912E+00 2.01301235E+01 4.05259024E+02 6.66636104E-01 7.94043948E-02 1.80719236E+00 -1.36189949E+00 -1.36189949E+00 0.00000000E+00
250 4.35917278E+00 1.90029080E+01 3.61150026E+02 6.66630193E-01 8.76887265E-02 1.79460023E+00 -1.30331220E+00 -1.30331220E+00 0.00000000E+00
255 4.22672353E+00 1.78657280E+01 3.19222521E+02 6.66626687E-01 8.85392689E-02 1.95859464E+00 -1.24346820E+00 -1.24346820E+00 0.00000000E+00
260 4.08456333E+00 1.66842724E+01 2.78405906E+02 6.66617618E-01 9.95528938E-02 1.99807289E+00 -1.18219215E+00 -1.18219215E+00 0.00000000E+00
265 3.93216973E+00 1.54627300E+01 2.39143619E+02 6.66600304E-01 1.22521668E-01 1.99309239E+00 -1.11922271E+00 -1.11922271E+00 0.00000000E+00
270 3.77349137E+00 1.42401357E+01 2.02832518E+02 6.66582747E-01 1.40121683E-01 2.12800056E+00 -1.05471745E+00 -1.05471745E+00 0.00000000E+00
275 3.59905341E+00 1.29541433E+01 1.67859363E+02 6.66568273E-01 1.46644903E-01 2.10755084E+00 -9.88383797E-01 -9.88383797E-01 0.00000000E+00
280 3.41408602E+00 1.16570954E+01 1.35939627E+02 6.66539717E-01 1.67224756E-01 2.15742525E+00 -9.20501920E-01 -9.20501920E-01 0.00000000E+00
285 3.20562984E+00 1.02774264E+01 1.05681447E+02 6.66490087E-01 2.01461049E-01 2.26320639E+00 -8.50556016E-01 -8.50556016E-01 0.00000000E+00
290 2.97942652E+00 8.87862612E+00 7.88882269E+01 6.66420461E-01 2.38636381E-01 2.27030059E+00 -7.78680105E-01 -7.78680105E-01 0.00000000E+00
295 2.71969477E+00 7.39901099E+00 5.48121982E+01 6.66259725E-01 3.24167263E-01 2.35933041E+00 -7.04474141E-01 -7.04474141E-01 0.00000000E+00
300 2.42106411E+00 5.86435809E+00 3.44561157E+01 6.66032581E-01 3.93889089E-01 2.45269755E+00 -6.27248640E-01 -6.27248640E-01 0.00000000E+00
302 2.28509743E+00 5.22507856E+00 2.73721452E+01 6.65803473E-01 4.75158693E-01 2.46466323E+00 -5.95696186E-01 -5.95696186E-01 0.00000000E+00
304 2.13593482E+00 4.56617443E+00 2.09215698E+01 6.65521647E-01 5.48004340E-01 2.43577169E+00 -5.63417125E-01 -5.63417125E-01 0.00000000E+00
306 1.97628841E+00 3.91066091E+00 1.53698728E+01 6.64996999E-01 6.80384126E-01 2.63661123E+00 -5.30912011E-01 -5.30912011E-01 0.00000000E+00
308 1.78633656E+00 3.19756417E+00 1.03068507E+01 6.63979176E-01 8.97526339E-01 2.67806851E+00 -4.97077325E-01 -4.97077325E-01 0.00000000E+00
310 1.56694260E+00 2.46418244E+00 6.15761656E+00 6.61977454E-01 1.20512154E+00 2.78212386E+00 -4.62518937E-01 -4.62518937E-01 0.00000000E+00
311 1.44298484E+00 2.09276089E+00 4.46554028E+00 6.60129450E-01 1.42899570E+00 2.76935716E+00 -4.44829744E-01 -4.44829744E-01 0.00000000E+00
312 1.29441295E+00 1.69009532E+00 2.95048831E+00 6.55689516E-01 1.96888235E+00 2.82723600E+00 -4.26653601E-01 -4.26653601E-01 0.00000000E+00
313 1.12823505E+00 1.29382499E+00 1.77292151E+00 6.46965473E-01 2.81274121E+00 2.90059679E+00 -4.08438475E-01 -4.08438475E-01 0.00000000E+00
314 9.30247876E-01 8.97630302E-01 9.03920559E-01 6.26049602E-01 4.32677972E+00 2.87373303E+00 -3.90537068E-01 -3.90537068E-01 0.00000000E+00
315 6.88735748E-01 5.14897925E-01 3.36620657E-01 5.76769239E-01 5.41863881E+00 2.38475247E+00 -3.72938315E-01 -3.72938315E-01 0.00000000E+00
316 5.20845842E-01 3.04558146E-01 1.30209983E-01 5.32068170E-01 4.43377136E+00 1.75654147E+00 -3.60427080E-01 -3.60427080E-01 0.00000000E+00
317 4.04717768E-01 1.88756566E-01 5.43372863E-02 4.91638617E-01 3.31507472E+00 1.34994101E+00 -3.50887660E-01 -3.50887660E-01 0.00000000E+00
318 3.29150075E-01 1.25817820E-01 2.47950849E-02 4.77892379E-01 2.31404691E+00 1.04881799E+00 -3.43272302E-01 -3.43272302E-01 0.00000000E+00
319 2.85161646E-01 9.45756293E-02 1.42984895E-02 4.67143304E-01 1.74988262E+00 9.16788720E-01 -3.37360858E-01 -3.37360858E-01 0.00000000E+00
320 2.48882935E-01 7.26936118E-02 8.56172254E-03 4.59933301E-01 1.41449382E+00 7.92128657E-01 -3.32250084E-01 -3.32250084E-01 0.00000000E+00
322 2.08342977E-01 5.12011497E-02 4.38457456E-03 4.42497551E-01 1.01913235E+00 6.69934997E-01 -3.23230712E-01 -3.23230712E-01 0.00000000E+00
324 1.78042775E-01 3.74010954E-02 2.32670881E-03 4.45563089E-01 7.40931945E-01 5.61394223E-01 -3.15546280E-01 -3.15546280E-01 0.00000000E+00
326 1.57853004E-01 2.95167701E-02 1.47306959E-03 4.36408616E-01 5.93978847E-01 5.07601796E-01 -3.08640088E-01 -3.08640088E-01 0.00000000E+00
328 1.46427958E-01 2.50573210E-02 1.02078391E-03 4.58069885E-01 4.64175101E-01 4.50818751E-01 -3.02557706E-01 -3.02557706E-01 0.00000000E+00
330 1.33234974E-01 2.08751086E-02 7.17069828E-04 4.51492326E-01 3.98511554E-01 4.24605826E-01 -2.97055224E-01 -2.97055224E-01 0.00000000E+00
335 1.13391831E-01 1.51757050E-02 3.87109725E-04 4.39707155E-01 2.91322832E-01 3.55312647E-01 -2.84634023E-01 -2.84634023E-01 0.00000000E+00
340 1.01377458E-01 1.20519620E-02 2.36570347E-04 4.57095373E-01 2.19746174E-01 3.16791147E-01 -2.74110827E-01 -2.74110827E-01 0.00000000E+00
345 9.06589315E-02 9.66206161E-03 1.55596468E-04 4.44429889E-01 1.76100073E-01 2.77039865E-01 -2.64899894E-01 -2.64899894E-01 0.00000000E+00
350 8.36264018E-02 8.24866156E-03 1.13163797E-04 4.45605024E-01 1.51001466E-01 2.48723469E-01 -2.56644486E-01 -2.56644486E-01 0.00000000E+00
355 7.77171175E-02 7.13372254E-03 8.50881195E-05 4.42666378E-01 1.29719383E-01 2.23197415E-01 -2.49136014E-01 -2.49136014E-01 0.00000000E+00
360 7.34393507E-02 6.34450756E-03 6.68851062E-05 4.46124281E-01 1.11240183E-01 2.07018772E-01 -2.42317570E-01 -2.42317570E-01 0.00000000E+00
365 7.00369857E-02 5.77240890E-03 5.50156000E-05 4.49635487E-01 1.00033980E-01 1.93039100E-01 -2.36018964E-01 -2.36018964E-01 0.00000000E+00
370 6.62222085E-02 5.16555055E-03 4.45985235E-05 4.42857877E-01 8.87756134E-02 1.68239431E-01 -2.30191193E-01 -2.30191193E-01 0.00000000E+00
375 6.33643948E-02 4.73960395E-03 3.76409639E-05 4.41458591E-01 8.13481894E-02 1.66695050E-01 -2.24764653E-01 -2.24764653E-01 0.00000000E+00
380 6.08544936E-02 4.38097356E-03 3.25043585E-05 4.35480329E-01 7.50866820E-02 1.61183031E-01 -2.19632477E-01 -2.19632477E-01 0.00000000E+00
385 5.94290700E-02 4.15553814E-03 2.87297090E-05 4.45431208E-01 6.82084100E-02 1.46024290E-01 -2.14946738E-01 -2.14946738E-01 0.00000000E+00
390 5.78958595E-02 3.91860258E-03 2.49364921E-05 4.58683003E-01 6.11749368E-02 1.37205006E-01 -2.10342313E-01 -2.10342313E-01 0.00000000E+00
395 5.60557398E-02 3.68620567E-03 2.23579958E-05 4.51530491E-01 5.79797029E-02 1.37792304E-01 -2.06159473E-01 -2.06159473E-01 0.00000000E+00
400 5.44176426E-02 3.47642050E-03 2.00715891E-05 4.46400232E-01 5.42215840E-02 1.22568429E-01 -2.02088224E-01 -2.02088224E-01 0.00000000E+00
405 5.27717650E-02 3.28506008E-03 1.80114951E-05 4.43657963E-01 5.19990969E-02 1.18515931E-01 -1.98245494E-01 -1.98245494E-01 0.00000000E+00
410 5.17854521E-02 3.17608745E-03 1.71810174E-05 4.32268853E-01 5.07645923E-02 1.11265263E-01 -1.94594686E-01 -1.94594686E-01 0.00000000E+00
415 5.08503712E-02 3.04232552E-03 1.52932279E-05 4.49234733E-01 4.63192081E-02 1.08937673E-01 -1.91083236E-01 -1.91083236E-01 0.00000000E+00
420 4.97581216E-02 2.91319660E-03 1.40952930E-05 4.46378096E-01 4.38391671E-02 1.04530559E-01 -1.87739556E-01 -1.87739556E-01 0.00000000E+00
425 4.84154357E-02 2.77338112E-03 1.29361799E-05 4.39383750E-01 4.25309731E-02 9.82866165E-02 -1.84510990E-01 -1.84510990E-01 0.00000000E+00
430 4.76617657E-02 2.68131014E-03 1.20420263E-05 4.41678677E-01 4.01114223E-02 9.36431237E-02 -1.81457287E-01 -1.81457287E-01 0.00000000E+00
435 4.68712227E-02 2.59227124E-03 1.12786209E-05 4.40533795E-01 3.82656883E-02 9.38688365E-02 -1.78477365E-01 -1.78477365E-01 0.00000000E+00
440 4.61173205E-02 2.51104812E-03 1.06306559E-05 4.38009809E-01 3.67669194E-02 9.00239772E-02 -1.75641775E-01 -1.75641775E-01 0.00000000E+00
445 4.53868132E-02 2.43843914E-03 1.00171410E-05 4.38436732E-01 3.58084119E-02 8.43623616E-02 -1.72916406E-01 -1.72916406E-01 0.00000000E+00
450 4.45076962E-02 2.33929233E-03 9.28113006E-06 4.34658833E-01 3.35281892E-02 8.36599987E-02 -1.70312027E-01 -1.70312027E-01 0.00000000E+00
455 4.38902336E-02 2.26828938E-03 8.52687491E-06 4.47577041E-01 3.16403121E-02 7.79745195E-02 -1.67784279E-01 -1.67784279E-01 0.00000000E+00
460 4.39160955E-02 2.26728257E-03 8.55242981E-06 4.45429242E-01 3.09964037E-02 7.87281122E-02 -1.65278228E-01 -1.65278228E-01 0.00000000E+00
465 4.28581849E-02 2.17617592E-03 7.96961420E-06 4.39044976E-01 3.07258351E-02 7.51478118E-02 -1.62944573E-01 -1.62944573E-01 0.00000000E+00
470 4.22179674E-02 2.10373840E-03 7.44571679E-06 4.39208023E-01 2.87891963E-02 7.08373793E-02 -1.60640717E-01 -1.60640717E-01 0.00000000E+00
475 4.19575424E-02 2.08367256E-03 7.34850312E-06 4.35818706E-01 2.86506234E-02 6.93741314E-02 -1.58473682E-01 -1.58473682E-01 0.00000000E+00
480 4.13107954E-02 2.01739089E-03 6.86209031E-06 4.37975740E-01 2.72620689E-02 6.80812559E-02 -1.56302479E-01 -1.56302479E-01 0.00000000E+00
485 4.10138642E-02 1.98529233E-03 6.62123538E-06 4.40024738E-01 2.63165978E-02 6.59062817E-02 -1.54231436E-01 -1.54231436E-01 0.00000000E+00
490 4.05127498E-02 1.94321059E-03 6.33510100E-06 4.40767310E-01 2.59425833E-02 6.16872401E-02 -1.52151852E-01 -1.52151852E-01 0.00000000E+00
495 4.03518266E-02 1.91953449E-03 6.17053887E-06 4.41774080E-01 2.47735835E-02 6.24303054E-02 -1.50245778E-01 -1.50245778E-01 0.00000000E+00
500 3.97866794E-02 1.86694864E-03 5.88606974E-06 4.37089425E-01 2.39115071E-02 6.15611264E-02 -1.48332028E-01 -1.48332028E-01 0.00000000E+00
