#Temperature   <M>   <M^2>   <M^4>   U_{Binder}   \chi   C_v(tot)   <E>
001 7.58458264E+00 5.75258938E+01 3.30922846E+03 6.66666667E-01 4.57030514E-05 9.79016369E-01 -3.37994262E+00 -3.31540726E+00 0.00000000E+00
005 7.55266973E+00 5.70428201E+01 3.25388333E+03 6.66666666E-01 2.41055211E-04 1.00349235E+00 -3.35453810E+00 -3.29027454E+00 0.00000000E+00
010 7.51244477E+00 5.64368265E+01 3.18511541E+03 6.66666664E-01 4.52846345E-04 9.56950341E-01 -3.32264568E+00 -3.25872475E+00 0.00000000E+00
015 7.47182039E+00 5.58281002E+01 3.11677683E+03 6.66666661E-01 7.07625347E-04 1.00501072E+00 -3.29059664E+00 -3.22702174E+00 0.00000000E+00
020 7.43078607E+00 5.52165821E+01 3.04887104E+03 6.66666656E-01 9.41592211E-04 9.96901120E-01 -3.25838667E+00 -3.19516135E+00 0.00000000E+00
025 7.38931518E+00 5.46019796E+01 2.98137634E+03 6.66666649E-01 1.23321773E-03 1.03142378E+00 -3.22600557E+00 -3.16313330E+00 0.00000000E+00
030 7.34742208E+00 5.39846123E+01 2.91433860E+03 6.66666640E-01 1.52251412E-03 1.04149987E+00 -3.19344545E+00 -3.13093014E+00 0.00000000E+00
035 7.30504839E+00 5.33637335E+01 2.84768837E+03 6.66666630E-01 1.77043932E-03 1.02180300E+00 -3.16071743E+00 -3.09856278E+00 0.00000000E+00
040 7.26227928E+00 5.27407023E+01 2.78158210E+03 6.66666617E-01 2.07882583E-03 1.04426362E+00 -3.12779812E+00 -3.06600788E+00 0.00000000E+00
045 7.21899100E+00 5.21138336E+01 2.71585218E+03 6.66666602E-01 2.37020979E-03 1.04749584E+00 -3.09469730E+00 -3.03327567E+00 0.00000000E+00
050 7.17526504E+00 5.14844315E+01 2.65064733E+03 6.66666587E-01 2.60434032E-03 1.03106095E+00 -3.06138792E+00 -3.00033879E+00 0.00000000E+00
055 7.13101169E+00 5.08513316E+01 2.58585874E+03 6.66666562E-01 3.04312169E-03 1.07729984E+00 -3.02787415E+00 -2.96720215E+00 0.00000000E+00
060 7.08625350E+00 5.02149934E+01 2.52154650E+03 6.66666543E-01 3.27821224E-03 1.08608376E+00 -2.99414836E+00 -2.93385734E+00 0.00000000E+00
065 7.04090349E+00 4.95743277E+01 2.45761510E+03 6.66666513E-01 3.69054270E-03 1.11699261E+00 -2.96020720E+00 -2.90030250E+00 0.00000000E+00
070 6.99499771E+00 4.89299997E+01 2.39414618E+03 6.66666484E-01 4.02438179E-03 1.10570263E+00 -2.92603918E+00 -2.86652516E+00 0.00000000E+00
075 6.94854718E+00 4.82823157E+01 2.33118350E+03 6.66666452E-01 4.35549798E-03 1.10922253E+00 -2.89162536E+00 -2.83250704E+00 0.00000000E+00
080 6.90146703E+00 4.76302564E+01 2.26864309E+03 6.66666407E-01 4.88284402E-03 1.12365267E+00 -2.85699874E+00 -2.79828134E+00 0.00000000E+00
085 6.85363849E+00 4.69723707E+01 2.20640554E+03 6.66666376E-01 5.08021663E-03 1.11763598E+00 -2.82205130E+00 -2.76374127E+00 0.00000000E+00
090 6.80535264E+00 4.63128362E+01 2.14488095E+03 6.66666332E-01 5.44079225E-03 1.11072739E+00 -2.78692162E+00 -2.72902258E+00 0.00000000E+00
095 6.75614337E+00 4.56454863E+01 2.08351283E+03 6.66666282E-01 5.83238439E-03 1.15023540E+00 -2.75145786E+00 -2.69397772E+00 0.00000000E+00
100 6.70630871E+00 4.49745913E+01 2.02271652E+03 6.66666228E-01 6.22981846E-03 1.14671990E+00 -2.71567986E+00 -2.65862429E+00 0.00000000E+00
105 6.65573935E+00 4.42988830E+01 1.96239399E+03 6.66666165E-01 6.68527598E-03 1.14610981E+00 -2.67962126E+00 -2.62299690E+00 0.00000000E+00
110 6.60415864E+00 4.36149294E+01 1.90226523E+03 6.66666112E-01 6.93864613E-03 1.14741321E+00 -2.64323630E+00 -2.58705106E+00 0.00000000E+00
115 6.55193318E+00 4.29278496E+01 1.84280392E+03 6.66666007E-01 7.78055205E-03 1.17704562E+00 -2.60653063E+00 -2.55079036E+00 0.00000000E+00
120 6.49862971E+00 4.22322112E+01 1.78356356E+03 6.66665937E-01 8.10587498E-03 1.19721333E+00 -2.56942981E+00 -2.51414282E+00 0.00000000E+00
125 6.44461676E+00 4.15331108E+01 1.72500355E+03 6.66665844E-01 8.62978783E-03 1.18274748E+00 -2.53200807E+00 -2.47718138E+00 0.00000000E+00
130 6.38954191E+00 4.08262737E+01 1.66678919E+03 6.66665754E-01 9.04718611E-03 1.19410878E+00 -2.49414262E+00 -2.43978471E+00 0.00000000E+00
135 6.33330364E+00 4.01107665E+01 1.60887866E+03 6.66665617E-01 9.84671214E-03 1.20703213E+00 -2.45583240E+00 -2.40195299E+00 0.00000000E+00
140 6.27607366E+00 3.93891352E+01 1.55150942E+03 6.66665496E-01 1.04032952E-02 1.22209206E+00 -2.41715353E+00 -2.36376146E+00 0.00000000E+00
145 6.21751317E+00 3.86575078E+01 1.49440874E+03 6.66665365E-01 1.09563003E-02 1.24318691E+00 -2.37789754E+00 -2.32500392E+00 0.00000000E+00
150 6.15784305E+00 3.79190732E+01 1.43786250E+03 6.66665186E-01 1.18220089E-02 1.24238495E+00 -2.33822744E+00 -2.28584172E+00 0.00000000E+00
155 6.09646742E+00 3.71669617E+01 1.38138999E+03 6.66664990E-01 1.26921387E-02 1.26731224E+00 -2.29797031E+00 -2.24610746E+00 0.00000000E+00
160 6.03417367E+00 3.64113037E+01 1.32579059E+03 6.66664768E-01 1.36427523E-02 1.30593824E+00 -2.25721795E+00 -2.20588512E+00 0.00000000E+00
165 5.97011821E+00 3.56423671E+01 1.27038628E+03 6.66664582E-01 1.42178226E-02 1.32515092E+00 -2.21589441E+00 -2.16510683E+00 0.00000000E+00
170 5.90448922E+00 3.48630540E+01 1.21544104E+03 6.66664333E-01 1.51113172E-02 1.33918929E+00 -2.17395357E+00 -2.12372494E+00 0.00000000E+00
175 5.83733691E+00 3.40745699E+01 1.16108553E+03 6.66664020E-01 1.62750501E-02 1.36611100E+00 -2.13136376E+00 -2.08170653E+00 0.00000000E+00
180 5.76816470E+00 3.32717959E+01 1.10702198E+03 6.66663784E-01 1.68286662E-02 1.38373798E+00 -2.08802329E+00 -2.03895573E+00 0.00000000E+00
185 5.69689840E+00 3.24547301E+01 1.05331972E+03 6.66663434E-01 1.79051462E-02 1.38686850E+00 -2.04403389E+00 -1.99557260E+00 0.00000000E+00
190 5.62380896E+00 3.16273112E+01 1.00029743E+03 6.66663127E-01 1.86027021E-02 1.39842529E+00 -1.99929893E+00 -1.95146008E+00 0.00000000E+00
195 5.54828658E+00 3.07835769E+01 9.47640061E+02 6.66662638E-01 2.00810912E-02 1.43021571E+00 -1.95377554E+00 -1.90657975E+00 0.00000000E+00
200 5.47076066E+00 2.99293231E+01 8.95776461E+02 6.66662172E-01 2.12378220E-02 1.47272946E+00 -1.90748279E+00 -1.86094655E+00 0.00000000E+00
205 5.39035849E+00 2.90560770E+01 8.44268667E+02 6.66661512E-01 2.30697362E-02 1.49361828E+00 -1.86024756E+00 -1.81439624E+00 0.00000000E+00
210 5.30731077E+00 2.81676718E+01 7.93431730E+02 6.66660788E-01 2.48988873E-02 1.52241203E+00 -1.81221630E+00 -1.76707217E+00 0.00000000E+00
215 5.22153349E+00 2.72645459E+01 7.43370054E+02 6.66660123E-01 2.62048775E-02 1.55562505E+00 -1.76324929E+00 -1.71883423E+00 0.00000000E+00
220 5.13236868E+00 2.63413571E+01 6.93882776E+02 6.66659133E-01 2.84860745E-02 1.57933325E+00 -1.71337849E+00 -1.66972299E+00 0.00000000E+00
225 5.04017038E+00 2.54034786E+01 6.45353095E+02 6.66658211E-01 3.01452059E-02 1.61279250E+00 -1.66249860E+00 -1.61962918E+00 0.00000000E+00
230 4.94433194E+00 2.44465974E+01 5.97653632E+02 6.66656902E-01 3.27726424E-02 1.69178140E+00 -1.61065188E+00 -1.56859770E+00 0.00000000E+00
235 4.84480763E+00 2.34723575E+01 5.50970027E+02 6.66655499E-01 3.52211245E-02 1.69634250E+00 -1.55780244E+00 -1.51659657E+00 0.00000000E+00
240 4.74079610E+00 2.24753635E+01 5.05161366E+02 6.66653863E-01 3.78616004E-02 1.75840524E+00 -1.50383255E+00 -1.46351083E+00 0.00000000E+00
245 4.63267980E+00 2.14619579E+01 4.60635870E+02 6.66652023E-01 4.05085747E-02 1.75769694E+00 -1.44892080E+00 -1.40951864E+00 0.00000000E+00
250 4.51965186E+00 2.04275125E+01 4.17304469E+02 6.66649729E-01 4.37034875E-02 1.79405267E+00 -1.39278228E+00 -1.35434397E+00 0.00000000E+00
255 4.40126463E+00 1.93714183E+01 3.75274167E+02 6.66646842E-01 4.75557016E-02 1.80061648E+00 -1.33555340E+00 -1.29812265E+00 0.00000000E+00
260 4.27703015E+00 1.82933048E+01 3.34668261E+02 6.66643497E-01 5.14784617E-02 1.85148605E+00 -1.27727474E+00 -1.24090053E+00 0.00000000E+00
265 4.14710228E+00 1.71988128E+01 2.95823621E+02 6.66639104E-01 5.64734701E-02 1.88361694E+00 -1.21789182E+00 -1.18262415E+00 0.00000000E+00
270 4.01012853E+00 1.60815281E+01 2.58641098E+02 6.66633732E-01 6.19467549E-02 1.88277485E+00 -1.15741625E+00 -1.12331416E+00 0.00000000E+00
275 3.86546896E+00 1.49423216E+01 2.23301141E+02 6.66624615E-01 7.21537262E-02 2.00442823E+00 -1.09574893E+00 -1.06287824E+00 0.00000000E+00
280 3.71289436E+00 1.37861024E+01 1.90085167E+02 6.66616599E-01 7.78751815E-02 1.96739272E+00 -1.03327586E+00 -1.00170386E+00 0.00000000E+00
285 3.55173502E+00 1.26154176E+01 1.59178822E+02 6.66603704E-01 8.80294375E-02 1.97484897E+00 -9.69853021E-01 -9.39653230E-01 0.00000000E+00
290 3.37967999E+00 1.14229139E+01 1.30513879E+02 6.66587686E-01 9.82961534E-02 2.00409748E+00 -9.05406739E-01 -8.76671391E-01 0.00000000E+00
295 3.19708201E+00 1.02220969E+01 1.04522471E+02 6.66567119E-01 1.08971734E-01 1.99495359E+00 -8.40489807E-01 -8.13308620E-01 0.00000000E+00
300 3.00267556E+00 9.01697159E+00 8.13386108E+01 6.66532055E-01 1.27862525E-01 1.99240697E+00 -7.75151525E-01 -7.49626502E-01 0.00000000E+00
302 2.92021934E+00 8.52867195E+00 7.27720489E+01 6.66511757E-01 1.38152429E-01 2.03796107E+00 -7.48836331E-01 -7.24010936E-01 0.00000000E+00
304 2.83766477E+00 8.05336830E+00 6.48898086E+01 6.66496714E-01 1.42227195E-01 1.99321360E+00 -7.22991601E-01 -6.98869138E-01 0.00000000E+00
306 2.75173984E+00 7.57318783E+00 5.73869418E+01 6.66470410E-01 1.53505319E-01 2.03217452E+00 -6.96986534E-01 -6.73594286E-01 0.00000000E+00
308 2.66405333E+00 7.09836686E+00 5.04205168E+01 6.66443694E-01 1.62216704E-01 1.98389758E+00 -6.71102566E-01 -6.48457899E-01 0.00000000E+00
310 2.57444191E+00 6.62900164E+00 4.39767930E+01 6.66415358E-01 1.69834794E-01 1.94229479E+00 -6.45538571E-01 -6.23658608E-01 0.00000000E+00
311 2.52868284E+00 6.39554707E+00 4.09365154E+01 6.66393720E-01 1.77368050E-01 1.94012898E+00 -6.32866778E-01 -6.11373050E-01 0.00000000E+00
312 2.48216261E+00 6.16250515E+00 3.80102982E+01 6.66369742E-01 1.85400459E-01 1.96328388E+00 -6.20196836E-01 -5.99096868E-01 0.00000000E+00
313 2.43573246E+00 5.93421222E+00 3.52485060E+01 6.66348323E-01 1.90956497E-01 1.91929166E+00 -6.07641298E-01 -5.86937652E-01 0.00000000E+00
314 2.38926919E+00 5.71005395E+00 3.26377364E+01 6.66329085E-01 1.93977341E-01 1.88813738E+00 -5.95263618E-01 -5.74958343E-01 0.00000000E+00
315 2.34209355E+00 5.48692498E+00 3.01396773E+01 6.66297625E-01 2.03531716E-01 1.91331050E+00 -5.82993700E-01 -5.63088360E-01 0.00000000E+00
316 2.29317368E+00 5.26019580E+00 2.77022515E+01 6.66274039E-01 2.06549196E-01 1.88465621E+00 -5.70655370E-01 -5.51163947E-01 0.00000000E+00
317 2.24566579E+00 5.04460197E+00 2.54800384E+01 6.66247127E-01 2.10793906E-01 1.85648071E+00 -5.58724883E-01 -5.39641007E-01 0.00000000E+00
318 2.19697024E+00 4.82836394E+00 2.33456116E+01 6.66201788E-01 2.23181181E-01 1.85709515E+00 -5.46736004E-01 -5.28064563E-01 0.00000000E+00
319 2.14771288E+00 4.61438884E+00 2.13242691E+01 6.66170645E-01 2.26774261E-01 1.81850157E+00 -5.34857294E-01 -5.16605538E-01 0.00000000E+00
320 2.09978577E+00 4.41088569E+00 1.94873516E+01 6.66128029E-01 2.34904142E-01 1.78412507E+00 -5.23571987E-01 -5.05727989E-01 0.00000000E+00
322 2.00115316E+00 4.00650053E+00 1.60822169E+01 6.66040155E-01 2.46673882E-01 1.72699501E+00 -5.00840005E-01 -4.83837843E-01 0.00000000E+00
324 1.90328686E+00 3.62448390E+00 1.31656204E+01 6.65937502E-01 2.57685335E-01 1.66365280E+00 -4.79203360E-01 -4.63034665E-01 0.00000000E+00
326 1.80640253E+00 3.26519421E+00 1.06889135E+01 6.65809367E-01 2.71741675E-01 1.56200694E+00 -4.58762757E-01 -4.43415004E-01 0.00000000E+00
328 1.70968522E+00 2.92523023E+00 8.58274520E+00 6.65662677E-01 2.83248787E-01 1.50170803E+00 -4.39027659E-01 -4.24503446E-01 0.00000000E+00
330 1.61665191E+00 2.61581725E+00 6.86605539E+00 6.65519158E-01 2.87551634E-01 1.40963764E+00 -4.20812855E-01 -4.07082603E-01 0.00000000E+00
335 1.39693601E+00 1.95387205E+00 3.83669947E+00 6.65000402E-01 3.06887294E-01 1.15602909E+00 -3.80454563E-01 -3.68590623E-01 0.00000000E+00
340 1.20596345E+00 1.45677212E+00 2.13630179E+00 6.64449331E-01 3.00198136E-01 9.53604960E-01 -3.48082079E-01 -3.37845116E-01 0.00000000E+00
345 1.04388399E+00 1.09202525E+00 1.20267586E+00 6.63827661E-01 2.84523607E-01 7.50614645E-01 -3.22255305E-01 -3.13399522E-01 0.00000000E+00
350 9.10881557E-01 8.31933887E-01 6.99523129E-01 6.63098306E-01 2.68092814E-01 5.83842085E-01 -3.01809569E-01 -2.94087555E-01 0.00000000E+00
355 8.02774861E-01 6.46526808E-01 4.23363525E-01 6.62387041E-01 2.46604930E-01 4.85456039E-01 -2.85313911E-01 -2.78510204E-01 0.00000000E+00
360 7.14161952E-01 5.11900328E-01 2.65865598E-01 6.61802748E-01 2.19053093E-01 3.85567864E-01 -2.71880356E-01 -2.65830795E-01 0.00000000E+00
365 6.40106345E-01 4.11446542E-01 1.72106455E-01 6.61117556E-01 1.97293915E-01 3.32090804E-01 -2.60490479E-01 -2.55071672E-01 0.00000000E+00
370 5.79979167E-01 3.38038963E-01 1.16520102E-01 6.60103978E-01 1.89247600E-01 2.90978327E-01 -2.50817547E-01 -2.45910691E-01 0.00000000E+00
375 5.28864595E-01 2.81167378E-01 8.07043675E-02 6.59712557E-01 1.64998331E-01 2.46867151E-01 -2.42368464E-01 -2.37898108E-01 0.00000000E+00
380 4.85774830E-01 2.37428785E-01 5.77487290E-02 6.58528523E-01 1.60830957E-01 2.27701052E-01 -2.35033240E-01 -2.30930247E-01 0.00000000E+00
385 4.48825657E-01 2.02797002E-01 4.22184983E-02 6.57816973E-01 1.47908538E-01 1.99512104E-01 -2.28296962E-01 -2.24505336E-01 0.00000000E+00
390 4.16695725E-01 1.74913248E-01 3.14903971E-02 6.56907301E-01 1.37957527E-01 1.83740565E-01 -2.22208882E-01 -2.18693829E-01 0.00000000E+00
395 3.88589080E-01 1.52187012E-01 2.38863144E-02 6.56226253E-01 1.26364499E-01 1.75369509E-01 -2.16644996E-01 -2.13366843E-01 0.00000000E+00
400 3.64288798E-01 1.33834989E-01 1.85160907E-02 6.55421079E-01 1.18798191E-01 1.57873784E-01 -2.11543151E-01 -2.08476094E-01 0.00000000E+00
405 3.42379222E-01 1.18276349E-01 1.44856542E-02 6.54839543E-01 1.09447159E-01 1.51135671E-01 -2.06755811E-01 -2.03872448E-01 0.00000000E+00
410 3.22991824E-01 1.05339657E-01 1.15225504E-02 6.53866553E-01 1.04325327E-01 1.41223956E-01 -2.02369749E-01 -1.99650131E-01 0.00000000E+00
415 3.06097696E-01 9.46816642E-02 9.33757719E-03 6.52798826E-01 1.00017385E-01 1.28746759E-01 -1.98195081E-01 -1.95619475E-01 0.00000000E+00
420 2.90291111E-01 8.52087277E-02 7.58029963E-03 6.51985806E-01 9.42088897E-02 1.17861328E-01 -1.94275360E-01 -1.91836422E-01 0.00000000E+00
425 2.76009564E-01 7.70770593E-02 6.21569304E-03 6.51246937E-01 8.87398615E-02 1.16121533E-01 -1.90530782E-01 -1.88214510E-01 0.00000000E+00
430 2.63304350E-01 7.02007472E-02 5.17247106E-03 6.50140762E-01 8.53371820E-02 1.06958588E-01 -1.87028526E-01 -1.84819247E-01 0.00000000E+00
435 2.51528639E-01 6.41041457E-02 4.32324799E-03 6.49315428E-01 8.10581067E-02 1.08202086E-01 -1.83678320E-01 -1.81572494E-01 0.00000000E+00
440 2.41054649E-01 5.89269709E-02 3.66548371E-03 6.48130353E-01 7.84277979E-02 1.01321873E-01 -1.80585519E-01 -1.78567028E-01 0.00000000E+00
445 2.31106995E-01 5.42026171E-02 3.10901598E-03 6.47254740E-01 7.49491857E-02 9.57603835E-02 -1.77458330E-01 -1.75523327E-01 0.00000000E+00
450 2.22010121E-01 5.00532088E-02 2.65716953E-03 6.46463580E-01 7.15473211E-02 9.19079704E-02 -1.74574275E-01 -1.72717153E-01 0.00000000E+00
455 2.13552354E-01 4.63474285E-02 2.28495729E-03 6.45427095E-01 6.87351493E-02 8.53130757E-02 -1.71778096E-01 -1.69995807E-01 0.00000000E+00
460 2.05937897E-01 4.31321758E-02 1.98422177E-03 6.44478211E-01 6.60602796E-02 8.35417665E-02 -1.69107862E-01 -1.67390868E-01 0.00000000E+00
465 1.98517007E-01 4.01030298E-02 1.71922839E-03 6.43665437E-01 6.28391209E-02 8.24187610E-02 -1.66553322E-01 -1.64896560E-01 0.00000000E+00
470 1.91793007E-01 3.74813924E-02 1.50824668E-03 6.42134618E-01 6.24220968E-02 7.75421419E-02 -1.64071697E-01 -1.62475390E-01 0.00000000E+00
475 1.85443971E-01 3.50716109E-02 1.32523095E-03 6.40864044E-01 6.04629111E-02 7.72344188E-02 -1.61695012E-01 -1.60151949E-01 0.00000000E+00
480 1.79640664E-01 3.29215589E-02 1.16924616E-03 6.40396497E-01 5.70829599E-02 7.12371074E-02 -1.59416897E-01 -1.57926330E-01 0.00000000E+00
485 1.73713938E-01 3.08156249E-02 1.02796285E-03 6.39160389E-01 5.54789630E-02 7.27849513E-02 -1.57147423E-01 -1.55704127E-01 0.00000000E+00
490 1.68935464E-01 2.91688681E-02 9.23754583E-04 6.38093654E-01 5.41038364E-02 6.81133751E-02 -1.54992566E-01 -1.53590331E-01 0.00000000E+00
495 1.63931620E-01 2.74845260E-02 8.22522375E-04 6.37047356E-01 5.19645133E-02 6.68276422E-02 -1.52952126E-01 -1.51594618E-01 0.00000000E+00
500 1.59596296E-01 2.60912027E-02 7.45380533E-04 6.35020397E-01 5.22258642E-02 6.48512051E-02 -1.50888750E-01 -1.49570277E-01 0.00000000E+00
